sale : 27.80000
buy : 27.40000
sale : 33.15000
buy : 32.55000
sale : 0.39500
buy : 0.36000
sale : 61643.0412
buy : 55772.2754
